"Mapped_Fragments"	"Duplication_Rate"	"Unique_Fragments"
"phase_1_05_jan_2022.S_1_R1"	2707586	8.28	2483422
"phase_1_05_jan_2022.S_1_R2"	14277091	17.53	11774274
"phase_2_03_feb_2022.S_4_R1"	10838291	14.26	9293022
"phase_2_28_jan_2022.S_2_R1"	4595540	21.85	3591332
"phase_2_28_jan_2022.S_3_R1"	10119578	14.73	8629227
"phase_2_28_jan_2022.S_4_R1"	7362209	13.65	6357209
"phase_2_28_jan_2022.S_5_R1"	2630480	12.73	2295580
"phase_2_28_jan_2022.S_6_R1"	836165	9.34	758066
"phase_3_18_feb_2022.S_10_R1"	9678551	13.37	8384161
"phase_3_18_feb_2022.S_11_R1"	11631633	12.38	10191172
"phase_3_18_feb_2022.S_8_R1"	10512974	16.03	8828018
"phase_3_18_feb_2022.S_9_R1"	9703557	16.87	8066130
"phase_4_24_mar_2022.s1_R1"	5614796	11.19	4986736
"phase_4_24_mar_2022.s11_R1"	4955394	10.74	4423219
"phase_4_24_mar_2022.s4_R1"	4921806	11.2	4370391
"phase_4_24_mar_2022.s6_R1"	5042091	11.31	4471972
"phase_4_24_mar_2022.s8_R1"	2711913	10.67	2422495
"phase_4_24_mar_2022.s9_R1"	5930439	11.17	5268086
